0 0 0 0 0 0 0 0 0 0 0 0 0 0 0 0 0 0 0 0 
45 -51 0 0 0 0 0 0 0 0 0 0 0 0 0 0 0 0 0 0 
37 -154 0 0 0 0 0 0 0 0 0 0 0 0 0 0 0 0 0 0 
-18 -190 0 0 0 0 0 0 0 0 0 0 0 0 0 0 0 0 0 0 
19 -241 0 0 0 0 0 0 0 0 0 0 0 0 0 0 0 0 0 0 
-4 -180 0 0 -94 -8 0 0 0 0 0 0 0 0 0 0 0 0 0 0 
-4 -180 0 0 -68 -52 0 0 0 0 0 0 0 0 0 0 0 0 0 0 
-4 -180 0 0 -115 -33 0 0 0 0 0 0 0 0 0 0 0 0 0 0 
-4 -180 89 -80 -154 -385 0 0 0 0 0 0 0 0 0 0 0 0 0 0 
-4 -180 -14 -62 -154 -385 0 0 0 0 0 0 0 0 0 0 0 0 0 0 
-4 -180 120 -34 -154 -385 0 0 0 0 0 0 0 0 0 0 0 0 0 0 
-4 -180 61 -38 -154 -385 0 0 0 0 0 0 0 0 0 0 0 0 0 0 
-4 -180 75 -91 -154 -385 0 0 0 0 0 0 0 0 0 0 0 0 0 0 
-53 -266 75 -91 -154 -385 0 0 0 0 0 0 0 0 0 0 0 0 0 0 
-84 -106 75 -91 -154 -385 0 0 0 0 0 0 0 0 0 0 0 0 0 0 
47 -71 75 -91 -154 -385 0 0 0 0 0 0 0 0 0 0 0 0 0 0 
63 -187 75 -91 -154 -385 0 0 0 0 0 0 0 0 0 0 0 0 0 0 
